

base is 10, offset is -1

Index(b10)	offset value	my_decode_formula
0		-1		0
1		0		1
2		1		2
3		2		3
4		3		4
5		4		5
6		5		6
7		6		7
8		7		8
9		8		9
10		9		10
11		00		11
12		01		12
13		02		13
14		03		14
15		04		15
16		05		16
17		06		17
18		07		18
19		08		19
20		09		20
21		10		22
22		11		23
23		12		24
24		13		25
25		14		26
26		15		27
27		16		28
28		17		29
29		18		30
30		19		31
31		20		33
32		21		34
33		22		35
34		23		36
35		24		37
36		25		38
37		26		39
38		27		40
39		28		41
40		29		42
41		30		44
42		31		45
43		32		46
44		33		47
45		34		48
46		35		49
47		36		50
48		37		51
49		38		52
50		39		53
51		40		55
52		41		56
53		42		57
54		43		58
55		44		59
56		45		60
57		46		61
58		47		62
59		48		63
60		49		64
61		50		66
62		51		67
63		52		68
64		53		69
65		54		70
66		55		71
67		56		72
68		57		73
69		58		74
70		59		75
71		60		77
72		61		78
73		62		79
74		63		80
75		64		81
76		65		82
77		66		83
78		67		84
79		68		85
80		69		86
81		70		88
82		71		89
83		72		90
84		73		91
85		74		92
86		75		93
87		76		94
88		77		95
89		78		96
90		79		97
91		80		99
92		81		100
93		82		101
94		83		102
95		84		103
96		85		104
97		86		105
98		87		106
99		88		107
100		89		108
101		90		110
102		91		111
103		92		112
104		93		113
105		94		114
106		95		115
107		96		116
108		97		117
109		98		118
110		99		119
111		000		110
112		001		111
113		002		112
114		003		113
115		004		114
116		005		115
117		006		116
118		007		117
119		008		118
120		009		119
121		010		121
122		011		122
123		012		123
124		013		124
125		014		125
126		015		126
127		016		127
128		017		128
129		018		129
130		019		130
131		020		132
132		021		133
133		022		134
134		023		135
135		024		136
136		025		137
137		026		138
138		027		139
139		028		140
140		029		141
141		030		143
142		031		144
143		032		145
144		033		146
145		034		147
146		035		148
147		036		149
148		037		150
149		038		151
150		039		152
151		040		154
152		041		155
153		042		156
154		043		157
155		044		158
156		045		159
157		046		160
158		047		161
159		048		162
160		049		163
161		050		165
162		051		166
163		052		167
164		053		168
165		054		169
166		055		170
167		056		171
168		057		172
169		058		173
170		059		174
171		060		176
172		061		177
173		062		178
174		063		179
175		064		180
176		065		181
177		066		182
178		067		183
179		068		184
180		069		185
181		070		187
182		071		188
183		072		189
184		073		190
185		074		191
186		075		192
187		076		193
188		077		194
189		078		195
190		079		196
191		080		198
192		081		199
193		082		200
194		083		201
195		084		202
196		085		203
197		086		204
198		087		205
199		088		206
200		089		207
201		090		209
202		091		210
203		092		211
204		093		212
205		094		213
206		095		214
207		096		215
208		097		216
209		098		217
210		099		218
211		100		220
212		101		221
213		102		222
214		103		223
215		104		224
216		105		225
217		106		226
218		107		227
219		108		228
220		109		229
221		110		231
222		111		232
223		112		233
224		113		234
225		114		235
226		115		236
227		116		237
228		117		238
229		118		239
230		119		240
231		120		242
232		121		243
233		122		244
234		123		245
235		124		246
236		125		247
237		126		248
238		127		249
239		128		250
240		129		251
241		130		253
242		131		254
243		132		255
244		133		256
245		134		257
246		135		258
247		136		259
248		137		260
249		138		261
250		139		262
251		140		264
252		141		265
253		142		266
254		143		267
255		144		268
256		145		269
257		146		270
258		147		271
259		148		272
260		149		273
261		150		275
262		151		276
263		152		277
264		153		278
265		154		279
266		155		280
267		156		281
268		157		282
269		158		283
270		159		284
271		160		286
272		161		287
273		162		288
274		163		289
275		164		290
276		165		291
277		166		292
278		167		293
279		168		294
280		169		295
281		170		297
282		171		298
283		172		299
284		173		300
285		174		301
286		175		302
287		176		303
288		177		304
289		178		305
290		179		306
291		180		308
292		181		309
293		182		310
294		183		311
295		184		312
296		185		313
297		186		314
298		187		315
299		188		316
300		189		317
301		190		319
302		191		320
303		192		321
304		193		322
305		194		323
306		195		324
307		196		325
308		197		326
309		198		327
310		199		328
311		200		330
312		201		331
313		202		332
314		203		333
315		204		334
316		205		335
317		206		336
318		207		337
319		208		338
320		209		339
321		210		341
322		211		342
323		212		343
324		213		344
325		214		345
326		215		346
327		216		347
328		217		348
329		218		349
330		219		350
331		220		352
332		221		353
333		222		354
334		223		355
335		224		356
336		225		357
337		226		358
338		227		359
339		228		360
340		229		361
341		230		363
342		231		364
343		232		365
344		233		366
345		234		367
346		235		368
347		236		369
348		237		370
349		238		371
350		239		372
351		240		374
352		241		375
353		242		376
354		243		377
355		244		378
356		245		379
357		246		380
358		247		381
359		248		382
360		249		383
361		250		385
362		251		386
363		252		387
364		253		388
365		254		389
366		255		390
367		256		391
368		257		392
369		258		393
370		259		394
371		260		396
372		261		397
373		262		398
374		263		399
375		264		400
376		265		401
377		266		402
378		267		403
379		268		404
380		269		405
381		270		407
382		271		408
383		272		409
384		273		410
385		274		411
386		275		412
387		276		413
388		277		414
389		278		415
390		279		416
391		280		418
392		281		419
393		282		420
394		283		421
395		284		422
396		285		423
397		286		424
398		287		425
399		288		426
400		289		427
401		290		429
402		291		430
403		292		431
404		293		432
405		294		433
406		295		434
407		296		435
408		297		436
409		298		437
410		299		438
411		300		440
412		301		441
413		302		442
414		303		443
415		304		444
416		305		445
417		306		446
418		307		447
419		308		448
420		309		449
421		310		451
422		311		452
423		312		453
424		313		454
425		314		455
426		315		456
427		316		457
428		317		458
429		318		459
430		319		460
431		320		462
432		321		463
433		322		464
434		323		465
435		324		466
436		325		467
437		326		468
438		327		469
439		328		470
440		329		471
441		330		473
442		331		474
443		332		475
444		333		476
445		334		477
446		335		478
447		336		479
448		337		480
449		338		481
450		339		482
451		340		484
452		341		485
453		342		486
454		343		487
455		344		488
456		345		489
457		346		490
458		347		491
459		348		492
460		349		493
461		350		495
462		351		496
463		352		497
464		353		498
465		354		499
466		355		500
467		356		501
468		357		502
469		358		503
470		359		504
471		360		506
472		361		507
473		362		508
474		363		509
475		364		510
476		365		511
477		366		512
478		367		513
479		368		514
480		369		515
481		370		517
482		371		518
483		372		519
484		373		520
485		374		521
486		375		522
487		376		523
488		377		524
489		378		525
490		379		526
491		380		528
492		381		529
493		382		530
494		383		531
495		384		532
496		385		533
497		386		534
498		387		535
499		388		536
500		389		537
501		390		539
502		391		540
503		392		541
504		393		542
505		394		543
506		395		544
507		396		545
508		397		546
509		398		547
510		399		548
511		400		550
512		401		551
513		402		552
514		403		553
515		404		554
516		405		555
517		406		556
518		407		557
519		408		558
520		409		559
521		410		561
522		411		562
523		412		563
524		413		564
525		414		565
526		415		566
527		416		567
528		417		568
529		418		569
530		419		570
531		420		572
532		421		573
533		422		574
534		423		575
535		424		576
536		425		577
537		426		578
538		427		579
539		428		580
540		429		581
541		430		583
542		431		584
543		432		585
544		433		586
545		434		587
546		435		588
547		436		589
548		437		590
549		438		591
550		439		592
551		440		594
552		441		595
553		442		596
554		443		597
555		444		598
556		445		599
557		446		600
558		447		601
559		448		602
560		449		603
561		450		605
562		451		606
563		452		607
564		453		608
565		454		609
566		455		610
567		456		611
568		457		612
569		458		613
570		459		614
571		460		616
572		461		617
573		462		618
574		463		619
575		464		620
576		465		621
577		466		622
578		467		623
579		468		624
580		469		625
581		470		627
582		471		628
583		472		629
584		473		630
585		474		631
586		475		632
587		476		633
588		477		634
589		478		635
590		479		636
591		480		638
592		481		639
593		482		640
594		483		641
595		484		642
596		485		643
597		486		644
598		487		645
599		488		646
600		489		647
601		490		649
602		491		650
603		492		651
604		493		652
605		494		653
606		495		654
607		496		655
608		497		656
609		498		657
610		499		658
611		500		660
612		501		661
613		502		662
614		503		663
615		504		664
616		505		665
617		506		666
618		507		667
619		508		668
620		509		669
621		510		671
622		511		672
623		512		673
624		513		674
625		514		675
626		515		676
627		516		677
628		517		678
629		518		679
630		519		680
631		520		682
632		521		683
633		522		684
634		523		685
635		524		686
636		525		687
637		526		688
638		527		689
639		528		690
640		529		691
641		530		693
642		531		694
643		532		695
644		533		696
645		534		697
646		535		698
647		536		699
648		537		700
649		538		701
650		539		702
651		540		704
652		541		705
653		542		706
654		543		707
655		544		708
656		545		709
657		546		710
658		547		711
659		548		712
660		549		713
661		550		715
662		551		716
663		552		717
664		553		718
665		554		719
666		555		720
667		556		721
668		557		722
669		558		723
670		559		724
671		560		726
672		561		727
673		562		728
674		563		729
675		564		730
676		565		731
677		566		732
678		567		733
679		568		734
680		569		735
681		570		737
682		571		738
683		572		739
684		573		740
685		574		741
686		575		742
687		576		743
688		577		744
689		578		745
690		579		746
691		580		748
692		581		749
693		582		750
694		583		751
695		584		752
696		585		753
697		586		754
698		587		755
699		588		756
700		589		757
701		590		759
702		591		760
703		592		761
704		593		762
705		594		763
706		595		764
707		596		765
708		597		766
709		598		767
710		599		768
711		600		770
712		601		771
713		602		772
714		603		773
715		604		774
716		605		775
717		606		776
718		607		777
719		608		778
720		609		779
721		610		781
722		611		782
723		612		783
724		613		784
725		614		785
726		615		786
727		616		787
728		617		788
729		618		789
730		619		790
731		620		792
732		621		793
733		622		794
734		623		795
735		624		796
736		625		797
737		626		798
738		627		799
739		628		800
740		629		801
741		630		803
742		631		804
743		632		805
744		633		806
745		634		807
746		635		808
747		636		809
748		637		810
749		638		811
750		639		812
751		640		814
752		641		815
753		642		816
754		643		817
755		644		818
756		645		819
757		646		820
758		647		821
759		648		822
760		649		823
761		650		825
762		651		826
763		652		827
764		653		828
765		654		829
766		655		830
767		656		831
768		657		832
769		658		833
770		659		834
771		660		836
772		661		837
773		662		838
774		663		839
775		664		840
776		665		841
777		666		842
778		667		843
779		668		844
780		669		845
781		670		847
782		671		848
783		672		849
784		673		850
785		674		851
786		675		852
787		676		853
788		677		854
789		678		855
790		679		856
791		680		858
792		681		859
793		682		860
794		683		861
795		684		862
796		685		863
797		686		864
798		687		865
799		688		866
800		689		867
801		690		869
802		691		870
803		692		871
804		693		872
805		694		873
806		695		874
807		696		875
808		697		876
809		698		877
810		699		878
811		700		880
812		701		881
813		702		882
814		703		883
815		704		884
816		705		885
817		706		886
818		707		887
819		708		888
820		709		889
821		710		891
822		711		892
823		712		893
824		713		894
825		714		895
826		715		896
827		716		897
828		717		898
829		718		899
830		719		900
831		720		902
832		721		903
833		722		904
834		723		905
835		724		906
836		725		907
837		726		908
838		727		909
839		728		910
840		729		911
841		730		913
842		731		914
843		732		915
844		733		916
845		734		917
846		735		918
847		736		919
848		737		920
849		738		921
850		739		922
851		740		924
852		741		925
853		742		926
854		743		927
855		744		928
856		745		929
857		746		930
858		747		931
859		748		932
860		749		933
861		750		935
862		751		936
863		752		937
864		753		938
865		754		939
866		755		940
867		756		941
868		757		942
869		758		943
870		759		944
871		760		946
872		761		947
873		762		948
874		763		949
875		764		950
876		765		951
877		766		952
878		767		953
879		768		954
880		769		955
881		770		957
882		771		958
883		772		959
884		773		960
885		774		961
886		775		962
887		776		963
888		777		964
889		778		965
890		779		966
891		780		968
892		781		969
893		782		970
894		783		971
895		784		972
896		785		973
897		786		974
898		787		975
899		788		976
900		789		977
901		790		979
902		791		980
903		792		981
904		793		982
905		794		983
906		795		984
907		796		985
908		797		986
909		798		987
910		799		988
911		800		990
912		801		991
913		802		992
914		803		993
915		804		994
916		805		995
917		806		996
918		807		997
919		808		998
920		809		999
921		810		1001
922		811		1002
923		812		1003
924		813		1004
925		814		1005
926		815		1006
927		816		1007
928		817		1008
929		818		1009
930		819		1010
931		820		1012
932		821		1013
933		822		1014
934		823		1015
935		824		1016
936		825		1017
937		826		1018
938		827		1019
939		828		1020
940		829		1021
941		830		1023
942		831		1024
943		832		1025
944		833		1026
945		834		1027
946		835		1028
947		836		1029
948		837		1030
949		838		1031
950		839		1032
951		840		1034
952		841		1035
953		842		1036
954		843		1037
955		844		1038
956		845		1039
957		846		1040
958		847		1041
959		848		1042
960		849		1043
961		850		1045
962		851		1046
963		852		1047
964		853		1048
965		854		1049
966		855		1050
967		856		1051
968		857		1052
969		858		1053
970		859		1054
971		860		1056
972		861		1057
973		862		1058
974		863		1059
975		864		1060
976		865		1061
977		866		1062
978		867		1063
979		868		1064
980		869		1065
981		870		1067
982		871		1068
983		872		1069
984		873		1070
985		874		1071
986		875		1072
987		876		1073
988		877		1074
989		878		1075
990		879		1076
991		880		1078
992		881		1079
993		882		1080
994		883		1081
995		884		1082
996		885		1083
997		886		1084
998		887		1085
999		888		1086
